1575898595
1575898596
1575898597
1575898598
1575898599
1575898600
1575898601
1575898602
1575898603
1575898604
1575898605
1575898606
1575898607
1575898608
1575898609
1575898610
1575898611
1575898612
1575898613
1575898614
1575898615
1575898616
1575898617
1575898618
1575898619
1575898620
1575898621
1575898622
1575898623
1575898624
1575898625
1575898626
1575898627
1575898628
1575898629
1575898630
1575898631
1575898632
1575898633
1575898634
1575898635
1575898636
1575898637
1575898638
1575898639
1575898640
1575898641
1575898642
1575898643
1575898644
1575898645
1575898646
1575898647
1575898648
1575898649
1575898650
1575898651
1575898652
1575898653
1575898654
1575898655
1575898656
1575898657
1575898658
1575898659
1575898660
1575898661
1575898662
1575898663
1575898664
1575898665
1575898666
1575898667
1575898668
1575898669
1575898670
1575898671
1575898672
1575898673
1575898674
1575898675
1575898676
1575898677
1575898678
1575898679
1575898680
1575898681
1575898682
1575898683
1575898684
1575898685
1575898686
1575898687
1575898688
1575898689
1575898690
1575898691
1575898692
1575898693
1575898693
1575898694
1575898695
1575898696
1575898697
1575898698
1575898699
1575898700
1575898701
1575898702
1575898703
1575898704
1575898705
1575898706
1575898707
1575898708
1575898709
1575898710
1575898711
1575898712
1575898713
1575898714
1575898715
1575898716
1575898717
1575898718
1575898719
1575898720
1575898721
1575898722
1575898723
1575898724
1575898725
1575898726
1575898727
1575898727
1575898728
1575898729
1575898730
1575898731
1575898732
1575898733
1575898734
1575898735
1575898736
1575898737
1575898738
1575898739
1575898740
1575898741
1575898742
1575898743
1575898744
1575898745
1575898746
1575898747
1575898748
1575898749
1575898750
1575898751
1575898752
1575898753
1575898754
1575898755
1575898756
1575898757
1575898758
1575898759
1575898760
1575898761
1575898762
1575898763
1575898764
1575898765
1575898766
1575898767
1575898768
1575898769
1575898770
1575898771
1575898772
1575898773
1575898774
1575898775
1575898776
1575898777
1575898778
1575898779
1575898780
1575898781
1575898782
1575898783
1575898784
1575898785
1575898786
1575898787
1575898789
1575898790
1575898791
1575898792
1575898793
1575898794
1575898795
1575898796
1575898797
1575898798
1575898799
1575898800
1575898801
1575898802
1575898803
1575898804
1575898805
1575898806
1575898807
1575898808
1575898809
1575898810
1575898811
1575898812
1575898813
1575898813
1575898814
1575898815
1575898816
1575898817
1575898818
1575898819
1575898820
1575898821
1575898822
1575898823
1575898824
1575898825
1575898826
1575898827
1575898828
1575898829
1575898830
1575898831
1575898832
1575898833
1575898834
1575898835
1575898836
1575898837
1575898838
1575898839
1575898840
1575898841
1575898842
1575898843
1575898844
1575898845
1575898846
1575898847
1575898848
1575898849
1575898850
1575898851
1575898852
1575898853
1575898854
1575898855
1575898856
1575898857
1575898858
1575898859
1575898860
1575898861
1575898862
1575898863
1575898864
1575898865
1575898866
1575898867
1575898868
1575898869
1575898870
1575898871
1575898872
1575898873
1575898874
1575898875
1575898876
1575898877
1575898878
1575898879
1575898880
1575898881
1575898882
1575898883
1575898884
1575898885
1575898886
1575898887
1575898888
1575898889
1575898890
1575898890
1575898891
1575898892
1575898893
1575898894
1575898895
1575898896
1575898897
1575898898
1575898899
1575898900
1575898901
1575898902
1575898903
1575898904
1575898905
1575898906
1575898907
1575898908
1575898909
1575898910
1575898911
1575898912
1575898913
1575898914
1575898915
1575898916
1575898917
1575898918
1575898919
1575898920
1575898921
1575898922
1575898923
1575898923
1575898924
1575898925
1575898926
1575898927
1575898928
1575898929
1575898930
1575898931
1575898932
1575898933
1575898934
1575898935
1575898936
1575898937
1575898938
1575898939
1575898940
1575898941
1575898942
1575898943
1575898944
1575898945
1575898946
1575898947
1575898948
1575898949
1575898950
1575898951
1575898952
1575898953
1575898954
1575898955
1575898956
1575898957
1575898958
1575898959
1575898960
1575898961
1575898962
1575898963
1575898964
1575898965
1575898966
1575898967
1575898968
1575898969
1575898970
1575898971
1575898972
1575898973
1575898974
1575898975
1575898976
1575898977
1575898978
1575898979
1575898980
1575898981
1575898982
1575898983
1575898984
1575898985
1575898986
1575898987
1575898988
1575898989
1575898990
1575898991
1575898992
1575898993
1575898994
1575898995
1575898996
1575898997
1575898998
1575898999
1575899000
1575899001
1575899002
1575899003
1575899004
1575899005
1575899006
1575899007
1575899008
1575899009
1575899010
1575899011
1575899012
1575899013
1575899014
1575899015
1575899016
1575899017
1575899017
1575899018
1575899019
1575899020
1575899021
1575899022
1575899023
1575899024
1575899025
1575899026
1575899027
1575899028
1575899029
1575899030
1575899031
1575899032
1575899033
1575899034
1575899035
1575899036
1575899037
1575899038
1575899039
1575899040
1575899041
1575899042
1575899043
1575899044
1575899045
1575899046
1575899047
1575899048
1575899049
1575899051
1575899052
1575899053
1575899054
1575899055
1575899056
1575899057
1575899058
1575899059
1575899059
1575899060
1575899061
1575899062
1575899063
1575899064
1575899065
1575899066
1575899067
1575899068
1575899069
1575899070
1575899071
1575899072
1575899073
1575899074
1575899075
1575899076
1575899077
1575899078
1575899079
1575899080
1575899081
1575899082
1575899083
1575899084
1575899085
1575899086
1575899087
1575899088
1575899089
1575899090
1575899091
1575899092
1575899093
1575899094
1575899095
1575899096
1575899097
1575899098
1575899099
1575899100
1575899101
1575899102
1575899103
1575899104
1575899105
1575899106
1575899107
1575899108
1575899109
1575899110
1575899111
1575899112
1575899113
1575899114
1575899115
1575899116
1575899117
1575899118
1575899119
1575899120
1575899121
1575899122
1575899123
1575899124
1575899125
1575899126
1575899127
1575899128
1575899129
1575899130
1575899131
1575899132
1575899133
1575899134
1575899135
1575899136
1575899137
1575899138
1575899139
1575899140
1575899141
1575899142
1575899143
1575899144
1575899145
1575899146
1575899147
1575899148
1575899149
1575899149
1575899150
1575899151
1575899152
1575899153
1575899154
1575899155
1575899156
1575899157
1575899158
1575899159
1575899160
1575899160
1575899161
1575899162
1575899163
1575899164
1575899165
1575899166
1575899167
1575899168
1575899169
1575899170
1575899171
1575899172
1575899173
1575899174
1575899175
1575899176
1575899177
1575899178
1575899179
1575899180
1575899181
1575899182
1575899183
1575899184
1575899185
1575899186
1575899187
1575899188
1575899189
1575899190
1575899191
1575899192
1575899193
1575899194
1575899195
1575899196
1575899197
1575899198
1575899199
1575899200
1575899201
1575899202
1575899203
1575899204
1575899205
1575899206
1575899207
1575899208
1575899209
1575899210
1575899211
1575899212
1575899213
1575899214
1575899215
1575899216
1575899217
1575899218
1575899219
1575899220
1575899221
1575899222
1575899223
1575899224
1575899225
1575899226
1575899227
1575899228
1575899229
1575899230
1575899231
1575899232
1575899233
1575899234
1575899235
1575899236
1575899237
1575899238
1575899239
1575899240
1575899241
1575899242
1575899243
1575899244
1575899245
1575899246
1575899247
1575899248
1575899249
1575899250
1575899251
1575899252
1575899253
1575899254
1575899255
1575899256
1575899257
1575899258
1575899259
1575899260
1575899261
1575899262
1575899263
1575899264
1575899265
1575899266
1575899267
1575899268
1575899269
1575899270
1575899271
1575899272
1575899273
1575899274
1575899275
1575899276
1575899277
1575899278
1575899279
1575899280
1575899281
1575899282
1575899283
1575899284
1575899285
1575899286
1575899287
1575899288
1575899289
1575899290
1575899291
1575899292
1575899293
1575899294
1575899295
1575899296
1575899297
1575899298
1575899299
1575899300
1575899301
1575899302
1575899303
1575899304
1575899305
1575899306
1575899307
1575899308
1575899309
1575899310
1575899311
1575899312
1575899313
1575899314
1575899315
1575899316
1575899317
1575899318
1575899319
1575899320
1575899321
1575899322
1575899323
1575899324
1575899326
1575899327
1575899328
1575899329
1575899330
1575899331
1575899332
1575899333
1575899334
1575899335
1575899335
1575899336
1575899337
1575899338
1575899339
1575899340
1575899341
1575899342
1575899343
1575899344
1575899345
1575899346
1575899347
1575899348
1575899349
1575899350
1575899351
1575899352
1575899353
1575899354
1575899355
1575899356
1575899357
1575899358
1575899359
1575899360
1575899361
1575899362
1575899363
1575899364
1575899365
1575899366
1575899367
1575899368
1575899369
1575899370
1575899371
1575899371
1575899372
1575899373
1575899374
1575899375
1575899376
1575899377
1575899378
1575899379
1575899380
1575899381
1575899382
1575899383
1575899384
1575899385
1575899386
1575899387
1575899388
1575899389
1575899390
1575899391
1575899392
1575899393
1575899394
1575899395
1575899396
1575899397
1575899398
1575899399
1575899400
1575899401
1575899402
1575899403
1575899404
1575899405
1575899406
1575899407
1575899408
1575899409
1575899410
1575899411
1575899412
1575899413
1575899414
1575899415
1575899416
1575899417
1575899418
1575899419
1575899420
1575899421
1575899422
1575899423
1575899424
1575899425
1575899426
1575899427
1575899428
1575899429
1575899430
1575899431
1575899432
1575899433
1575899434
1575899435
1575899436
1575899437
1575899438
1575899439
1575899440
1575899441
1575899442
1575899443
1575899444
1575899445
1575899446
1575899447
1575899448
1575899449
1575899450
1575899451
1575899452
1575899453
1575899454
1575899455
1575899456
1575899457
1575899458
1575899459
1575899460
1575899461
1575899462
1575899463
1575899464
1575899465
1575899466
1575899467
1575899468
1575899469
1575899470
1575899471
1575899472
1575899473
1575899474
1575899475
1575899476
1575899477
1575899478
1575899479
1575899480
1575899481
1575899482
1575899483
1575899484
1575899485
1575899486
1575899487
1575899488
1575899489
1575899490
1575899491
1575899492
1575899493
1575899494
1575899495
1575899496
1575899497
1575899498
1575899499
1575899500
1575899501
1575899502
1575899503
1575899504
1575899505
1575899506
1575899507
1575899508
1575899509
1575899510
1575899511
1575899512
1575899513
1575899514
1575899515
1575899516
1575899517
1575899518
1575899519
1575899520
1575899521
1575899522
1575899523
1575899524
1575899525
1575899526
1575899527
1575899528
1575899529
1575899530
1575899531
1575899532
1575899533
1575899534
1575899535
1575899536
1575899537
1575899538
1575899539
1575899540
1575899541
1575899542
1575899543
1575899544
1575899545
1575899546
1575899547
1575899548
1575899549
1575899550
1575899551
1575899552
1575899553
1575899554
1575899555
1575899556
1575899557
1575899558
1575899559
1575899560
1575899560
1575899561
1575899562
1575899563
1575899564
1575899565
1575899566
1575899567
1575899568
1575899569
1575899570
1575899571
1575899572
1575899573
1575899574
1575899575
1575899576
1575899577
1575899578
1575899579
1575899580
1575899581
1575899582
1575899583
1575899584
1575899585
1575899586
1575899587
1575899588
1575899589
1575899590
1575899591
1575899592
1575899593
1575899594
1575899595
1575899596
1575899597
1575899599
1575899600
1575899601
1575899602
1575899603
1575899604
1575899605
1575899606
1575899607
1575899608
1575899609
1575899610
1575899611
1575899612
1575899613
1575899614
1575899615
1575899616
1575899617
1575899618
1575899619
1575899620
1575899621
1575899622
1575899623
1575899624
1575899625
1575899626
1575899627
1575899628
1575899629
1575899630
1575899631
1575899632
1575899633
1575899634
1575899635
1575899636
1575899637
1575899638
1575899639
1575899640
1575899641
1575899642
1575899643
1575899644
1575899645
1575899646
1575899647
1575899648
1575899649
1575899650
1575899651
1575899652
1575899653
1575899654
1575899655
1575899656
1575899657
1575899658
1575899659
1575899660
1575899661
1575899662
1575899663
1575899664
1575899665
1575899666
1575899667
1575899668
1575899669
1575899670
1575899671
1575899672
1575899673
1575899674
1575899675
1575899676
1575899677
1575899678
1575899679
1575899680
1575899681
1575899682
1575899683
1575899684
1575899685
1575899686
1575899687
1575899688
1575899689
1575899690
1575899691
1575899692
1575899693
1575899694
1575899695
1575899696
1575899697
1575899698
1575899699
1575899700
1575899701
1575899702
1575899703
1575899704
1575899705
1575899706
1575899707
1575899708
1575899709
1575899710
1575899711
1575899712
1575899713
1575899714
1575899715
1575899716
1575899717
1575899718
1575899719
1575899720
1575899721
1575899722
1575899723
1575899724
1575899725
1575899726
1575899727
1575899728
1575899729
1575899730
1575899731
1575899732
1575899733
1575899734
1575899735
1575899736
1575899737
1575899738
1575899739
1575899740
1575899741
1575899742
1575899743
1575899744
1575899745
1575899746
1575899747
1575899748
1575899749
1575899750
1575899751
1575899752
1575899753
1575899754
1575899755
1575899756
1575899757
1575899758
1575899759
1575899760
1575899761
1575899762
1575899763
1575899764
1575899765
1575899766
1575899767
1575899768
1575899769
1575899770
1575899771
1575899772
1575899773
1575899774
1575899775
1575899776
1575899777
1575899778
1575899779
1575899780
1575899781
1575899782
1575899783
1575899784
1575899785
1575899786
1575899787
1575899788
1575899789
1575899790
1575899791
1575899792
1575899793
1575899794
1575899795
1575899796
1575899797
1575899798
1575899799
1575899800
1575899801
1575899801
1575899802
1575899803
1575899804
1575899805
1575899806
1575899807
1575899808
1575899809
1575899810
1575899811
1575899812
1575899813
1575899814
1575899815
1575899816
1575899817
1575899818
1575899819
1575899820
1575899821
1575899822
1575899823
1575899824
1575899825
1575899826
1575899827
1575899828
1575899829
1575899830
1575899831
1575899832
1575899833
1575899834
1575899835
1575899836
1575899837
1575899838
1575899839
1575899840
1575899841
1575899842
1575899843
1575899844
1575899845
1575899846
1575899847
1575899848
1575899849
1575899850
1575899851
1575899852
1575899853
1575899854
1575899855
1575899856
1575899857
1575899858
1575899859
1575899860
1575899861
1575899862
1575899863
1575899864
1575899865
1575899866
1575899867
1575899867
1575899868
1575899869
1575899871
1575899872
1575899873
1575899874
1575899875
1575899876
1575899877
1575899878
1575899879
1575899880
1575899881
1575899882
1575899883
1575899884
1575899885
1575899886
1575899887
1575899888
1575899889
1575899890
1575899891
1575899892
1575899893
1575899894
1575899894
1575899895
1575899896
1575899896
1575899897
1575899898
1575899898
1575899899
1575899900
1575899901
1575899902
1575899903
1575899904
1575899905
1575899906
1575899907
1575899908
1575899909
1575899910
1575899911
1575899912
1575899913
1575899914
1575899915
1575899916
1575899917
1575899918
1575899919
1575899920
1575899921
1575899922
1575899923
1575899924
1575899925
1575899926
1575899927
1575899928
1575899929
1575899930
1575899931
1575899932
1575899933
1575899934
1575899935
1575899936
1575899937
1575899938
1575899939
1575899940
1575899941
1575899942
1575899943
1575899944
1575899945
1575899946
1575899947
1575899948
1575899949
1575899950
1575899951
1575899952
1575899953
1575899954
1575899955
1575899956
1575899957
1575899958
1575899959
1575899960
1575899961
1575899962
1575899963
1575899964
1575899965
1575899966
1575899967
1575899968
1575899969
1575899970
1575899971
1575899972
1575899973
1575899974
1575899975
1575899976
1575899977
1575899978
1575899979
1575899980
1575899981
1575899982
1575899983
1575899984
1575899985
1575899986
1575899987
1575899988
1575899989
1575899990
1575899991
1575899992
1575899993
1575899994
1575899995
1575899996
1575899997
1575899998
1575899999
1575900000
1575900001
1575900002
1575900003
1575900004
1575900005
1575900006
1575900007
1575900008
1575900009
1575900010
1575900011
1575900012
1575900013
1575900014
1575900015
1575900016
1575900017
1575900018
1575900019
1575900020
1575900021
1575900022
1575900023
1575900024
1575900025
1575900026
1575900027
1575900028
1575900029
1575900030
1575900031
1575900032
1575900033
1575900034
1575900035
1575900036
1575900037
1575900038
1575900039
1575900040
1575900041
1575900042
1575900043
1575900044
1575900045
1575900046
1575900047
1575900048
1575900049
1575900050
1575900051
1575900052
1575900053
1575900054
1575900055
1575900056
1575900057
1575900058
1575900059
1575900060
1575900061
1575900061
1575900062
1575900063
1575900064
1575900065
1575900066
1575900067
1575900068
1575900069
1575900070
1575900071
1575900072
1575900073
1575900074
1575900075
1575900076
1575900077
1575900078
1575900078
1575900079
1575900080
1575900081
1575900082
1575900083
1575900084
1575900085
1575900086
1575900087
1575900088
1575900088
1575900089
1575900090
1575900091
1575900092
1575900093
1575900094
1575900095
1575900096
1575900097
1575900098
1575900099
1575900100
1575900101
1575900102
1575900103
1575900104
1575900105
1575900106
1575900107
1575900108
1575900109
1575900110
1575900111
1575900112
1575900113
1575900114
1575900115
1575900116
1575900117
1575900118
1575900119
1575900120
1575900121
1575900122
1575900123
1575900124
1575900125
1575900126
1575900127
1575900128
1575900129
1575900130
1575900131
1575900132
1575900133
1575900134
1575900135
1575900136
1575900137
1575900138
1575900139
1575900140
1575900141
1575900142
1575900143
1575900144
1575900145
1575900146
1575900147
1575900149
1575900150
1575900151
1575900152
1575900153
1575900154
1575900155
1575900156
1575900157
1575900158
1575900159
1575900160
1575900161
1575900162
1575900163
1575900164
1575900165
1575900166
1575900167
1575900168
1575900169
1575900170
1575900171
1575900172
1575900173
1575900174
1575900175
1575900176
1575900177
1575900178
1575900179
1575900179
1575900180
1575900181
1575900182
1575900182
1575900183
1575900184
1575900185
1575900186
1575900187
1575900188
1575900189
1575900190
1575900191
1575900192
1575900193
1575900194
1575900195
1575900196
1575900197
1575900198
1575900199
1575900200
1575900201
1575900202
1575900203
1575900204
1575900205
1575900206
1575900207
1575900208
1575900209
1575900210
1575900211
1575900212
1575900213
1575900214
1575900215
1575900216
1575900217
1575900218
1575900219
1575900220
1575900221
1575900222
1575900223
1575900224
1575900225
1575900226
1575900227
1575900228
1575900229
1575900230
1575900231
1575900232
1575900233
1575900234
1575900235
1575900236
1575900237
1575900238
1575900239
1575900240
1575900241
1575900242
1575900243
1575900244
1575900245
1575900246
1575900246
1575900247
1575900248
1575900249
1575900250
1575900251
1575900252
1575900253
1575900254
1575900255
1575900256
1575900257
1575900258
1575900259
1575900260
1575900261
1575900262
1575900263
1575900264
1575900265
1575900266
1575900267
1575900268
1575900269
1575900270
1575900271
1575900272
1575900273
1575900274
1575900275
1575900276
1575900277
1575900278
1575900279
1575900280
1575900281
1575900282
1575900283
1575900284
1575900285
1575900286
1575900287
1575900288
1575900289
1575900290
1575900291
1575900292
1575900293
1575900294
1575900295
1575900296
1575900297
1575900298
1575900299
1575900300
1575900301
1575900302
1575900303
1575900304
1575900305
1575900306
1575900307
1575900308
1575900309
1575900310
1575900311
1575900312
1575900313
1575900314
1575900315
1575900316
1575900317
1575900318
1575900319
1575900320
1575900321
1575900322
1575900323
1575900324
1575900325
1575900326
1575900327
1575900328
1575900329
1575900330
1575900331
1575900332
1575900333
1575900334
1575900335
1575900336
1575900337
1575900338
1575900339
1575900340
1575900341
1575900342
1575900343
1575900344
1575900345
1575900346
1575900347
1575900348
1575900349
1575900350
1575900351
1575900351
1575900352
1575900353
1575900354
1575900355
1575900356
1575900357
1575900358
1575900359
1575900360
1575900361
1575900362
1575900363
1575900364
1575900365
1575900366
1575900367
1575900368
1575900369
1575900370
1575900371
1575900372
1575900373
1575900374
1575900375
1575900376
1575900377
1575900378
1575900379
1575900380
1575900381
1575900382
1575900383
1575900384
1575900385
1575900386
1575900387
1575900388
1575900389
1575900390
1575900391
1575900392
1575900393
1575900394
1575900395
1575900396
1575900397
1575900398
1575900399
1575900400
1575900401
1575900402
1575900403
1575900404
1575900405
1575900406
1575900407
1575900408
1575900409
1575900410
1575900411
1575900412
1575900413
1575900414
1575900415
1575900416
1575900417
1575900418
1575900419
1575900420
1575900421
1575900422
1575900423
1575900424
1575900425
1575900426
1575900427
1575900428
1575900429
1575900430
1575900431
1575900432
1575900433
1575900434
1575900435
1575900436
1575900437
1575900438
1575900439
1575900440
1575900441
1575900442
1575900443
1575900445
1575900446
1575900447
1575900448
1575900449
1575900450
1575900451
1575900452
1575900453
1575900454
1575900455
1575900456
1575900457
1575900458
1575900459
1575900460
1575900461
1575900462
1575900463
1575900464
1575900465
1575900466
1575900467
1575900468
1575900469
1575900470
1575900471
1575900472
1575900473
1575900474
1575900475
1575900476
1575900477
1575900478
1575900479
1575900480
1575900481
1575900482
1575900483
1575900484
1575900485
1575900486
1575900487
1575900488
1575900489
1575900490
1575900491
1575900492
1575900493
1575900494
1575900495
1575900496
1575900497
1575900498
1575900499
1575900500
1575900501
1575900502
1575900503
1575900504
1575900505
1575900506
1575900507
1575900508
1575900509
1575900510
1575900511
1575900512
1575900513
1575900514
1575900515
1575900516
1575900517
1575900518
1575900519
1575900520
1575900521
1575900522
1575900523
1575900524
1575900525
1575900526
1575900527
1575900528
1575900529
1575900530
1575900531
1575900532
1575900533
1575900534
1575900535
1575900536
1575900537
1575900538
1575900539
1575900540
1575900541
1575900542
1575900543
1575900544
1575900545
1575900546
1575900547
1575900548
1575900549
1575900550
1575900551
1575900552
1575900553
1575900554
1575900555
1575900556
1575900557
1575900558
1575900559
1575900560
1575900561
1575900562
1575900563
1575900564
1575900565
1575900566
1575900567
1575900568
1575900569
1575900570
1575900571
1575900572
1575900573
1575900574
1575900575
1575900576
1575900577
1575900578
1575900579
1575900579
1575900580
1575900581
1575900582
1575900583
1575900584
1575900585
1575900586
1575900587
1575900588
1575900589
1575900590
1575900591
1575900592
1575900593
1575900594
1575900595
1575900596
1575900597
1575900598
1575900599
1575900600
1575900601
1575900602
1575900603
1575900604
1575900605
1575900606
1575900607
1575900608
1575900609
1575900610
1575900611
1575900612
1575900613
1575900614
1575900615
1575900616
1575900617
1575900618
1575900619
1575900620
1575900621
1575900621
1575900622
1575900623
1575900624
1575900625
1575900626
1575900627
1575900628
1575900629
1575900630
1575900631
1575900632
1575900633
1575900634
1575900635
1575900636
1575900637
1575900638
1575900639
1575900640
1575900641
1575900642
1575900643
1575900644
1575900645
1575900646
1575900647
1575900648
1575900649
1575900650
1575900651
1575900652
1575900653
1575900654
1575900655
1575900656
1575900657
1575900658
1575900659
1575900660
1575900661
1575900662
1575900663
1575900664
1575900665
1575900666
1575900667
1575900668
1575900669
1575900670
1575900671
1575900672
1575900673
1575900674
1575900675
1575900676
1575900677
1575900678
1575900679
1575900680
1575900681
1575900682
1575900683
1575900684
1575900685
1575900686
1575900687
1575900688
1575900689
1575900689
1575900690
1575900691
1575900692
1575900693
1575900694
1575900695
1575900696
1575900697
1575900698
1575900699
1575900700
1575900701
1575900702
1575900703
1575900704
1575900705
1575900706
1575900707
1575900708
1575900709
1575900710
1575900711
1575900712
1575900713
1575900714
1575900715
1575900716
1575900717
1575900718
1575900719
1575900720
1575900721
1575900722
1575900723
1575900724
1575900725
1575900726
1575900727
1575900728
1575900729
1575900730
1575900731
1575900733
1575900734
1575900735
1575900736
1575900737
1575900738
1575900738
1575900739
1575900740
1575900741
1575900742
1575900743
1575900744
1575900745
1575900746
1575900747
1575900748
1575900749
1575900750
1575900751
1575900752
1575900753
1575900754
1575900755
1575900756
1575900757
1575900758
1575900759
1575900760
1575900761
1575900762
1575900763
1575900764
1575900765
1575900766
1575900767
1575900768
1575900769
1575900770
1575900771
1575900772
1575900773
1575900774
1575900775
1575900776
1575900777
1575900778
1575900779
1575900780
1575900781
1575900782
1575900783
1575900784
1575900785
1575900786
1575900787
1575900788
1575900789
1575900790
1575900791
1575900792
1575900793
1575900794
1575900795
1575900796
1575900797
1575900798
1575900799
1575900800
1575900801
1575900802
1575900803
1575900804
1575900805
1575900806
1575900807
1575900808
1575900809
1575900810
1575900811
1575900812
1575900813
1575900814
1575900815
1575900816
1575900817
1575900818
1575900819
1575900820
1575900821
1575900822
1575900823
1575900824
1575900825
1575900826
1575900827
1575900828
1575900829
1575900830
1575900831
1575900832
1575900833
1575900834
1575900835
1575900836
1575900837
1575900838
1575900839
1575900840
1575900841
1575900842
1575900843
1575900844
1575900845
1575900846
1575900847
1575900848
1575900849
1575900850
1575900851
1575900852
1575900853
1575900854
1575900855
1575900856
1575900857
1575900858
1575900859
1575900860
1575900861
1575900862
1575900863
1575900864
1575900865
1575900866
1575900867
1575900868
1575900869
1575900870
1575900871
1575900872
1575900873
1575900874
1575900875
1575900876
1575900877
1575900878
1575900879
1575900880
1575900881
1575900882
1575900883
1575900884
1575900885
1575900886
1575900887
1575900888
1575900889
1575900890
1575900891
1575900892
1575900893
1575900894
1575900895
1575900896
1575900897
1575900898
1575900899
1575900900
1575900901
1575900902
1575900902
1575900903
1575900904
1575900905
1575900906
1575900907
1575900908
1575900909
1575900910
1575900911
1575900912
1575900913
1575900914
1575900915
1575900916
1575900917
1575900918
1575900919
1575900920
1575900921
1575900922
1575900923
1575900924
1575900925
1575900926
1575900927
1575900928
1575900929
1575900930
1575900931
1575900932
1575900933
1575900934
1575900935
1575900936
1575900937
1575900938
1575900939
1575900940
1575900941
1575900942
1575900943
1575900944
1575900945
1575900946
1575900947
1575900948
1575900949
1575900950
1575900951
1575900952
1575900953
1575900954
1575900955
1575900956
1575900957
1575900958
1575900959
1575900960
1575900961
1575900962
1575900963
1575900964
1575900965
1575900966
1575900967
1575900968
1575900969
1575900970
1575900971
1575900972
1575900973
1575900974
1575900975
1575900976
1575900977
1575900978
1575900979
1575900980
1575900981
1575900982
1575900983
1575900984
1575900985
1575900986
1575900987
1575900988
1575900989
1575900990
1575900991
1575900992
1575900993
1575900994
1575900995
1575900996
1575900997
1575900998
1575900999
1575901000
1575901001
1575901002
1575901003
1575901004
1575901005
1575901006
1575901007
1575901008
1575901009
1575901010
1575901011
1575901012
1575901013
1575901014
1575901015
1575901016
1575901017
1575901018
1575901019
1575901020
1575901021
1575901022
1575901023
1575901024
1575901025
1575901026
1575901027
1575901028
1575901030
1575901031
1575901032
1575901033
1575901034
1575901035
1575901036
1575901037
1575901038
1575901039
1575901040
1575901041
1575901042
1575901043
1575901044
1575901045
1575901046
1575901047
1575901048
1575901049
1575901050
1575901051
1575901052
1575901053
1575901054
1575901055
1575901056
1575901057
1575901058
1575901059
1575901060
1575901061
1575901062
1575901063
1575901064
1575901065
1575901066
1575901067
1575901068
1575901069
1575901070
1575901071
1575901072
1575901073
1575901074
1575901075
1575901076
1575901077
1575901078
1575901079
1575901080
1575901081
1575901082
1575901083
1575901084
1575901085
1575901086
1575901087
1575901088
1575901089
1575901090
1575901091
1575901092
1575901093
1575901094
1575901094
1575901095
1575901096
1575901097
1575901098
1575901099
1575901100
1575901101
1575901102
1575901103
1575901104
1575901105
1575901106
1575901107
1575901108
1575901109
1575901110
1575901111
1575901112
1575901113
1575901113
1575901114
1575901115
1575901116
1575901117
1575901118
1575901118
1575901119
1575901120
1575901121
1575901122
1575901123
1575901124
1575901125
1575901126
1575901127
1575901128
1575901129
1575901130
1575901131
1575901132
1575901133
1575901134
1575901135
1575901136
1575901137
1575901138
1575901139
1575901140
1575901141
1575901142
1575901143
1575901144
1575901145
1575901146
1575901147
1575901148
1575901149
1575901150
1575901151
1575901152
1575901153
1575901154
1575901155
1575901156
1575901157
1575901158
1575901159
1575901160
1575901161
1575901162
1575901163
1575901164
1575901165
1575901166
1575901167
1575901168
1575901169
1575901170
1575901171
1575901172
1575901173
1575901174
1575901175
1575901176
1575901177
1575901178
1575901179
1575901180
1575901181
1575901182
1575901183
1575901184
1575901185
1575901186
1575901187
1575901188
1575901189
1575901190
1575901191
1575901192
1575901193
1575901194
1575901195
1575901196
1575901197
1575901198
1575901199
1575901200
1575901201
1575901202
1575901203
1575901204
1575901205
1575901206
1575901207
1575901208
1575901209
1575901210
1575901211
1575901212
1575901213
1575901214
1575901215
1575901216
1575901217
1575901218
1575901218
1575901219
1575901220
1575901221
1575901222
1575901223
1575901224
1575901225
1575901226
1575901227
1575901228
1575901229
1575901230
1575901231
1575901232
1575901233
1575901234
1575901235
1575901236
1575901237
1575901238
1575901239
1575901240
1575901241
1575901242
1575901243
1575901244
1575901245
1575901246
1575901247
1575901248
1575901249
1575901250
1575901251
1575901252
1575901253
1575901254
1575901255
1575901256
1575901257
1575901258
1575901259
1575901260
1575901261
1575901262
1575901263
1575901264
1575901265
1575901266
1575901267
1575901268
1575901269
1575901270
1575901271
1575901272
1575901273
1575901274
1575901275
1575901276
1575901277
1575901278
1575901279
1575901280
1575901281
1575901282
1575901283
1575901284
1575901285
1575901286
1575901287
1575901288
1575901289
1575901290
1575901291
1575901292
1575901293
1575901294
1575901295
1575901296
1575901297
1575901298
1575901299
1575901300
1575901301
1575901302
1575901303
1575901304
1575901305
1575901306
1575901308
1575901309
1575901310
1575901311
1575901312
1575901313
1575901314
1575901315
1575901316
1575901317
1575901318
1575901319
1575901320
1575901321
1575901322
1575901323
1575901324
1575901325
1575901326
1575901327
1575901328
1575901329
1575901330
1575901331
1575901332
1575901333
1575901334
1575901335
1575901336
1575901337
1575901338
1575901339
1575901340
1575901341
1575901342
1575901343
1575901344
1575901345
1575901346
1575901347
1575901348
1575901349
1575901350
1575901351
1575901352
1575901353
1575901354
1575901355
1575901356
1575901357
1575901358
1575901359
1575901359
1575901360
1575901361
1575901362
1575901363
1575901364
1575901365
1575901366
1575901367
1575901368
1575901369
1575901370
1575901371
1575901372
1575901373
1575901374
1575901375
1575901376
1575901377
1575901378
1575901379
1575901380
1575901381
1575901382
1575901383
1575901384
1575901385
1575901386
1575901387
1575901388
1575901389
1575901390
1575901391
1575901392
1575901393
1575901394
1575901395
1575901396
1575901396
1575901397
1575901398
1575901399
1575901400
1575901401
1575901402
1575901403
1575901404
1575901405
1575901406
1575901407
1575901408
1575901409
1575901410
1575901411
1575901412
1575901413
1575901414
1575901415
1575901416
1575901417
1575901418
1575901419
1575901420
1575901421
1575901422
1575901423
1575901424
1575901425
1575901426
1575901427
1575901428
1575901429
1575901430
1575901431
1575901432
1575901433
1575901434
1575901435
1575901436
1575901437
1575901438
1575901439
1575901440
1575901441
1575901442
1575901443
1575901444
1575901445
1575901446
1575901447
1575901448
1575901449
1575901450
1575901451
1575901452
1575901453
1575901454
1575901455
1575901456
1575901457
1575901458
1575901459
1575901460
1575901461
1575901462
1575901463
1575901464
1575901464
1575901465
1575901466
1575901467
1575901468
1575901469
1575901470
1575901471
1575901472
1575901473
1575901474
1575901475
1575901476
1575901477
1575901478
1575901479
1575901480
1575901481
1575901481
1575901482
1575901483
1575901484
1575901485
1575901486
1575901487
1575901488
1575901489
1575901490
1575901490
1575901491
1575901492
1575901492
1575901493
1575901494
1575901495
1575901496
1575901496
1575901497
1575901498
1575901499
1575901500
1575901501
1575901502
1575901503
1575901504
1575901505
1575901506
1575901507
1575901508
1575901509
1575901510
1575901511
1575901512
1575901513
1575901514
1575901515
1575901516
1575901517
1575901518
1575901519
1575901520
1575901521
1575901522
1575901523
1575901524
1575901525
1575901526
1575901527
1575901528
1575901529
1575901530
1575901531
1575901531
1575901532
1575901533
1575901534
1575901535
1575901536
1575901537
1575901538
1575901539
1575901540
1575901541
1575901542
1575901543
1575901544
1575901545
1575901546
1575901546
1575901547
1575901548
1575901549
1575901550
1575901551
1575901552
1575901553
1575901554
1575901555
1575901556
1575901557
1575901558
1575901559
1575901560
1575901561
1575901562
1575901563
1575901564
1575901565
1575901566
1575901567
1575901568
1575901569
1575901570
1575901571
1575901572
1575901573
1575901574
1575901575
1575901576
1575901577
1575901578
1575901579
1575901580
1575901581
1575901582
1575901584
1575901585
1575901586
1575901587
1575901588
1575901589
1575901590
1575901591
1575901592
1575901593
1575901594
1575901595
1575901596
1575901597
1575901598
1575901599
1575901600
1575901601
1575901602
1575901603
1575901604
1575901605
1575901606
1575901607
1575901608
1575901609
1575901610
1575901611
1575901612
1575901613
1575901614
1575901615
1575901616
1575901617
1575901618
1575901618
1575901619
1575901620
1575901621
1575901622
1575901623
1575901624
1575901625
1575901626
1575901627
1575901628
1575901629
1575901630
1575901631
1575901632
1575901633
1575901634
1575901635
1575901636
1575901637
1575901638
1575901639
1575901640
1575901641
1575901642
1575901643
1575901644
1575901645
1575901646
1575901647
1575901648
1575901649
1575901650
1575901651
1575901652
1575901653
1575901654
1575901655
1575901656
1575901657
1575901658
1575901659
1575901660
1575901661
1575901662
1575901663
1575901664
1575901665
1575901666
1575901667
1575901668
1575901669
1575901670
1575901671
1575901672
1575901673
1575901674
1575901675
1575901676
1575901677
1575901678
1575901679
1575901680
1575901681
1575901682
1575901683
1575901684
1575901685
1575901686
1575901687
1575901688
1575901689
1575901690
1575901691
1575901692
1575901693
1575901694
1575901695
1575901696
1575901697
1575901698
1575901699
1575901700
1575901701
1575901702
1575901703
1575901704
1575901705
1575901706
1575901707
1575901708
1575901709
1575901710
1575901711
1575901712
1575901713
1575901714
1575901715
1575901716
1575901717
1575901718
1575901719
1575901720
1575901721
1575901722
1575901723
1575901724
1575901725
1575901726
1575901727
1575901728
1575901729
1575901730
1575901731
1575901732
1575901733
1575901734
1575901735
1575901736
1575901737
1575901738
1575901739
1575901740
1575901741
1575901742
1575901743
1575901744
1575901745
1575901746
1575901747
1575901748
1575901749
1575901750
1575901751
1575901752
1575901753
1575901754
1575901755
1575901756
1575901757
1575901758
1575901759
1575901760
1575901761
1575901762
1575901763
1575901764
1575901765
1575901766
1575901767
1575901768
1575901769
1575901770
1575901771
1575901772
1575901773
1575901774
1575901775
1575901776
1575901777
1575901778
1575901779
1575901780
1575901781
1575901782
1575901783
1575901784
1575901785
1575901786
1575901787
1575901788
1575901789
1575901790
1575901791
1575901792
1575901793
1575901794
1575901795
1575901796
1575901797
1575901798
1575901799
1575901800
1575901801
1575901802
1575901803
1575901804
1575901805
1575901806
1575901807
1575901808
1575901809
1575901810
1575901811
1575901812
1575901813
1575901814
1575901815
1575901816
1575901817
1575901818
1575901819
1575901820
1575901821
1575901822
1575901823
1575901824
1575901825
1575901826
1575901827
1575901828
1575901829
1575901830
1575901831
1575901832
1575901833
1575901834
1575901835
1575901836
1575901837
1575901838
1575901839
1575901839
1575901840
1575901841
1575901842
1575901843
1575901844
1575901845
1575901846
1575901847
1575901848
1575901849
1575901850
1575901851
1575901852
1575901853
1575901854
1575901855
1575901856
1575901857
1575901858
1575901859
1575901859
1575901860
1575901861
1575901863
1575901864
1575901865
1575901866
1575901867
1575901868
1575901869
1575901870
1575901871
1575901872
1575901873
1575901874
1575901875
1575901876
1575901877
1575901878
1575901879
1575901880
1575901881
1575901882
1575901883
1575901884
1575901885
1575901886
1575901887
1575901888
1575901889
1575901890
1575901891
1575901892
1575901893
1575901894
1575901895
1575901896
1575901897
1575901898
1575901899
1575901900
1575901901
1575901902
1575901903
1575901904
1575901905
1575901906
1575901907
1575901908
1575901909
1575901910
1575901911
1575901912
1575901913
1575901914
1575901915
1575901916
1575901917
1575901918
1575901919
1575901920
1575901921
1575901922
1575901923
1575901924
1575901925
1575901926
1575901927
1575901928
1575901929
1575901930
1575901931
1575901932
1575901933
1575901934
1575901935
1575901936
1575901937
1575901938
1575901939
1575901940
1575901941
1575901942
1575901943
1575901944
1575901945
1575901946
1575901947
1575901948
1575901949
1575901950
1575901951
1575901952
1575901953
1575901954
1575901955
1575901956
1575901957
1575901958
1575901959
1575901960
1575901961
1575901962
1575901963
1575901964
1575901965
1575901965
1575901966
1575901967
1575901968
1575901969
1575901970
1575901970
1575901971
1575901972
1575901973
1575901974
1575901975
1575901976
1575901977
1575901978
1575901979
1575901980
1575901981
1575901982
1575901983
1575901984
1575901985
1575901986
1575901987
1575901988
1575901989
1575901990
1575901991
1575901992
1575901993
1575901994
1575901995
1575901996
1575901997
1575901998
1575901999
1575902000
1575902001
1575902002
1575902003
1575902004
1575902005
1575902006
1575902007
1575902008
1575902009
1575902010
1575902011
1575902012
1575902013
1575902014
1575902015
1575902016
1575902017
1575902018
1575902019
1575902020
1575902021
1575902022
1575902023
1575902024
1575902025
1575902026
1575902027
1575902028
1575902029
1575902030
1575902031
1575902032
1575902033
1575902034
1575902035
1575902036
1575902037
1575902038
1575902039
1575902040
1575902041
1575902042
1575902043
1575902044
1575902045
1575902046
1575902047
1575902048
1575902049
1575902050
1575902051
1575902052
1575902053
1575902054
1575902055
1575902056
1575902057
1575902058
1575902059
1575902060
1575902061
1575902062
1575902063
1575902064
1575902065
1575902066
1575902067
1575902068
1575902069
1575902070
1575902071
1575902072
1575902073
1575902074
1575902075
1575902076
1575902077
1575902078
1575902079
1575902080
1575902081
1575902082
1575902083
1575902084
1575902085
1575902086
1575902087
1575902088
1575902089
1575902090
1575902091
1575902092
1575902093
1575902094
1575902095
1575902096
1575902097
1575902098
1575902099
1575902100
1575902101
1575902102
1575902103
1575902104
1575902105
1575902106
1575902107
1575902108
1575902109
1575902110
1575902111
1575902112
1575902113
1575902114
1575902115
1575902116
1575902117
1575902118
1575902119
1575902120
1575902121
1575902122
1575902123
1575902124
1575902125
1575902126
1575902127
1575902128
1575902129
1575902130
1575902131
1575902132
1575902132
1575902133
1575902134
1575902135
1575902136
1575902137
1575902138
1575902139
1575902140
1575902141
1575902142
1575902143
1575902144
1575902145
1575902146
1575902147
1575902148
1575902149
1575902150
1575902151
1575902152
1575902153
1575902154
1575902155
1575902156
1575902157
1575902158
1575902160
1575902161
1575902162
1575902163
1575902164
1575902165
1575902166
1575902167
1575902168
1575902169
1575902170
1575902171
1575902172
1575902173
1575902174
1575902175
1575902176
1575902177
1575902178
1575902179
1575902180
1575902181
1575902182
1575902183
1575902183
1575902184
1575902185
1575902186
1575902187
1575902188
1575902189
1575902190
1575902191
1575902192
1575902193
1575902194
1575902195
1575902196
1575902197
1575902198
1575902199
1575902200
1575902201
1575902202
1575902203
1575902204
1575902205
1575902206
1575902207
1575902208
1575902209
1575902210
1575902211
1575902212
1575902212
1575902213
1575902214
1575902215
1575902216
1575902217
1575902218
1575902219
1575902220
1575902221
1575902222
1575902223
1575902224
1575902225
1575902226
1575902227
1575902228
1575902229
1575902230
1575902231
1575902232
1575902233
1575902234
1575902235
1575902236
1575902237
1575902238
1575902239
1575902240
1575902241
1575902242
1575902243
1575902244
1575902245
1575902246
1575902247
1575902248
1575902249
1575902250
1575902251
1575902252
1575902253
1575902254
1575902255
1575902256
1575902257
1575902258
1575902259
1575902260
1575902261
1575902262
1575902263
1575902264
1575902265
1575902266
1575902267
1575902268
1575902269
1575902270
1575902271
1575902272
1575902273
1575902274
1575902275
1575902276
1575902277
1575902278
1575902279
1575902280
1575902281
1575902282
1575902283
1575902284
1575902285
1575902286
1575902287
1575902288
1575902289
1575902290
1575902291
1575902292
1575902293
1575902294
1575902295
1575902296
1575902297
1575902298
1575902299
1575902300
1575902301
1575902302
1575902303
1575902304
1575902305
1575902306
1575902307
1575902308
1575902309
1575902310
1575902311
1575902312
1575902313
1575902314
1575902315
1575902316
1575902317
1575902318
1575902319
1575902320
1575902321
1575902322
1575902323
1575902324
1575902325
1575902326
1575902327
1575902328
1575902329
1575902330
1575902331
1575902332
1575902333
1575902334
1575902335
1575902336
1575902337
1575902338
1575902339
1575902340
1575902341
1575902342
1575902343
1575902344
1575902345
1575902346
1575902347
1575902348
1575902349
1575902350
1575902351
1575902352
1575902353
1575902354
1575902355
1575902356
1575902357
1575902358
1575902359
1575902360
1575902361
1575902362
1575902363
1575902364
1575902365
1575902366
1575902367
1575902368
1575902369
1575902370
1575902371
1575902372
1575902373
1575902374
1575902375
1575902376
1575902377
1575902378
1575902379
1575902380
1575902381
1575902382
1575902383
1575902384
1575902385
1575902386
1575902387
1575902388
1575902389
1575902390
1575902391
1575902392
1575902393
1575902394
1575902395
1575902396
1575902397
1575902398
1575902399
1575902400
1575902401
1575902402
1575902403
1575902404
1575902405
1575902406
1575902407
1575902408
1575902409
1575902410
1575902411
1575902412
1575902413
1575902414
1575902415
1575902416
1575902417
1575902418
1575902419
1575902420
1575902421
1575902422
1575902423
1575902424
1575902425
1575902426
1575902427
1575902428
1575902429
1575902430
1575902431
1575902432
1575902433
1575902434
1575902435
1575902436
1575902438
1575902439
1575902440
1575902441
1575902442
1575902443
1575902444
1575902445
1575902446
1575902447
1575902448
1575902449
1575902450
1575902451
1575902452
1575902453
1575902454
1575902455
1575902456
1575902457
1575902458
1575902459
1575902460
1575902461
1575902462
1575902462
1575902463
1575902464
1575902465
1575902466
1575902467
1575902468
1575902469
1575902470
1575902471
1575902472
1575902473
1575902474
1575902475
1575902476
1575902477
1575902478
1575902479
1575902480
1575902481
1575902482
1575902483
1575902484
1575902485
1575902486
1575902487
1575902488
1575902489
1575902490
1575902491
1575902492
1575902493
1575902494
1575902495
1575902496
1575902497
1575902498
1575902499
1575902500
1575902501
1575902502
1575902503
1575902504
1575902505
1575902506
1575902507
1575902508
1575902509
1575902510
1575902511
1575902512
1575902513
1575902514
1575902515
1575902516
1575902517
1575902518
1575902519
1575902520
1575902521
1575902522
1575902523
1575902524
1575902525
1575902526
1575902527
1575902528
1575902529
1575902530
1575902531
1575902532
1575902533
1575902534
1575902535
1575902536
1575902537
1575902538
1575902538
1575902539
1575902540
1575902541
1575902542
1575902543
1575902544
1575902545
1575902546
1575902547
1575902548
1575902549
1575902550
1575902551
1575902552
1575902553
1575902554
1575902555
1575902556
1575902557
1575902558
1575902559
1575902560
1575902561
1575902562
1575902563
1575902564
1575902565
1575902566
1575902566
1575902567
1575902568
1575902569
1575902570
1575902571
1575902572
1575902573
1575902574
1575902575
1575902576
1575902577
1575902578
1575902579
1575902580
1575902581
1575902582
1575902583
1575902584
1575902585
1575902586
1575902587
1575902588
1575902589
1575902590
1575902591
1575902592
1575902593
1575902594
1575902595
1575902596
1575902597
1575902598
1575902599
1575902600
1575902601
1575902602
1575902603
1575902604
1575902605
1575902606
1575902607
1575902608
1575902609
1575902610
1575902611
1575902612
1575902613
1575902614
1575902615
1575902616
1575902617
1575902618
1575902619
1575902620
1575902621
1575902622
1575902623
1575902624
1575902625
1575902626
1575902627
1575902628
1575902629
1575902630
1575902631
1575902632
1575902633
1575902634
1575902635
1575902636
1575902637
1575902638
1575902639
1575902640
1575902641
1575902642
1575902643
1575902644
1575902645
1575902646
1575902647
1575902648
1575902649
1575902650
1575902651
1575902652
1575902653
1575902654
1575902655
1575902656
1575902657
1575902658
1575902659
1575902660
1575902661
1575902662
1575902663
1575902664
1575902665
1575902666
1575902667
1575902668
1575902669
1575902670
1575902671
1575902672
1575902673
1575902674
1575902675
1575902676
1575902677
1575902678
1575902679
1575902680
1575902681
1575902682
1575902683
1575902684
1575902685
1575902686
1575902687
1575902688
1575902689
1575902690
1575902691
1575902692
1575902693
1575902694
1575902695
1575902696
1575902697
1575902698
1575902699
1575902700
1575902701
1575902702
1575902703
1575902704
1575902705
1575902706
1575902707
1575902708
1575902709
1575902710
1575902711
1575902712
1575902713
1575902714
1575902715
1575902716
1575902718
1575902719
1575902720
1575902721
1575902722
1575902723
1575902724
1575902725
1575902726
1575902727
1575902728
1575902729
1575902730
1575902731
1575902732
1575902733
1575902734
1575902735
1575902736
1575902737
1575902738
1575902739
1575902740
1575902741
1575902742
1575902743
1575902744
1575902745
1575902746
1575902747
1575902748
1575902749
1575902750
1575902751
1575902752
1575902753
1575902754
1575902755
1575902756
1575902757
1575902758
1575902759
1575902760
1575902761
1575902762
1575902763
1575902764
1575902765
1575902766
1575902767
1575902768
1575902769
1575902770
1575902771
1575902772
1575902773
1575902774
1575902775
1575902776
1575902777
1575902778
1575902779
1575902780
1575902781
1575902782
1575902783
1575902784
1575902785
1575902786
1575902787
1575902788
1575902789
1575902790
1575902791
1575902792
1575902793
1575902794
1575902795
1575902796
1575902797
1575902798
1575902799
1575902800
1575902801
1575902802
1575902803
1575902804
1575902805
1575902806
1575902807
1575902808
1575902809
1575902810
1575902811
1575902812
1575902813
1575902814
1575902815
1575902816
1575902817
1575902818
1575902819
1575902820
1575902821
1575902822
1575902823
1575902824
1575902825
1575902826
1575902827
1575902828
1575902829
1575902830
1575902831
1575902832
1575902833
1575902834
1575902835
1575902836
1575902837
1575902838
1575902839
1575902840
1575902841
1575902842
1575902843
1575902844
1575902845
1575902846
1575902847
1575902848
1575902849
1575902850
1575902851
1575902852
1575902853
1575902854
1575902855
1575902856
1575902857
1575902858
1575902859
1575902860
1575902861
1575902862
1575902863
1575902864
1575902865
1575902866
1575902867
1575902868
1575902869
1575902870
1575902871
1575902872
1575902873
1575902874
1575902875
1575902876
1575902877
1575902878
1575902879
1575902880
1575902881
1575902882
1575902883
1575902884
1575902885
1575902886
1575902887
1575902888
1575902889
1575902890
1575902891
1575902892
1575902893
1575902894
1575902895
1575902896
1575902897
1575902898
1575902899
1575902900
1575902901
1575902902
1575902903
1575902904
1575902905
1575902906
1575902907
1575902908
1575902909
1575902910
1575902911
1575902912
1575902913
1575902914
1575902915
1575902916
1575902916
1575902917
1575902918
1575902919
1575902920
1575902921
1575902922
1575902923
1575902924
1575902925
1575902926
1575902927
1575902928
1575902929
1575902930
1575902931
1575902932
1575902933
1575902934
1575902935
1575902936
1575902937
1575902938
1575902939
1575902940
1575902941
1575902942
1575902943
1575902944
1575902945
1575902946
1575902947
1575902948
1575902949
1575902950
1575902951
1575902952
1575902953
1575902954
1575902955
1575902956
1575902957
1575902958
1575902959
1575902960
1575902961
1575902962
1575902963
1575902964
1575902965
1575902966
1575902967
1575902968
1575902969
1575902970
1575902971
1575902972
1575902973
1575902974
1575902975
1575902976
1575902977
1575902978
1575902979
1575902980
1575902981
1575902982
1575902983
1575902984
1575902985
1575902986
1575902987
1575902988
1575902989
1575902990
1575902991
1575902992
1575902993
1575902994
1575902995
1575902996
1575902998
1575902999
1575903000
1575903001
1575903002
1575903003
1575903004
1575903005
1575903006
1575903007
1575903008
1575903009
1575903010
1575903011
1575903012
1575903013
1575903014
1575903015
1575903016
1575903017
1575903018
1575903019
1575903020
1575903021
1575903022
1575903023
1575903024
1575903025
1575903026
1575903027
1575903028
1575903029
1575903030
1575903031
1575903032
1575903033
1575903034
1575903035
1575903036
1575903037
1575903038
1575903039
1575903040
1575903041
1575903042
1575903043
1575903044
1575903045
1575903046
1575903046
1575903047
1575903048
1575903049
1575903050
1575903051
1575903052
1575903053
1575903054
1575903055
1575903056
1575903057
1575903058
1575903059
1575903060
1575903061
1575903062
1575903063
1575903064
1575903065
1575903066
1575903067
1575903068
1575903069
1575903070
1575903071
1575903072
1575903073
1575903074
1575903075
1575903076
1575903077
1575903078
1575903079
1575903080
1575903081
1575903082
1575903083
1575903084
1575903085
1575903086
1575903087
1575903088
1575903089
1575903090
1575903091
1575903092
1575903093
1575903094
1575903095
1575903096
1575903097
1575903098
1575903099
1575903100
1575903101
1575903102
1575903103
1575903104
1575903105
1575903106
1575903107
1575903108
1575903109
1575903110
1575903111
1575903112
1575903113
1575903114
1575903115
1575903116
1575903117
1575903118
1575903119
1575903120
1575903121
1575903122
1575903123
1575903124
1575903125
1575903126
1575903127
1575903128
1575903129
1575903130
1575903131
1575903132
1575903133
1575903134
1575903135
1575903136
1575903137
1575903138
1575903139
1575903140
1575903141
1575903142
1575903143
1575903144
1575903145
1575903146
1575903147
1575903148
1575903149
1575903150
1575903151
1575903152
1575903153
1575903154
1575903155
1575903156
1575903157
1575903158
1575903159
1575903160
1575903161
1575903162
1575903163
1575903164
1575903165
1575903166
1575903167
1575903168
1575903169
1575903170
1575903171
1575903172
1575903173
1575903174
1575903175
1575903176
1575903177
1575903178
1575903179
1575903180
1575903181
1575903182
1575903183
1575903184
1575903185
1575903186
1575903187
1575903188
1575903189
1575903190
1575903191
1575903192
1575903193
1575903194
1575903195
1575903196
1575903197
1575903198
1575903199
1575903200
1575903201
1575903202
1575903203
1575903204
1575903204
1575903205
1575903206
1575903207
1575903208
1575903209
1575903210
1575903211
1575903212
1575903213
1575903214
1575903215
1575903216
1575903217
1575903218
1575903219
1575903220
1575903221
1575903222
1575903223
1575903224
1575903225
1575903226
1575903227
1575903228
1575903229
1575903230
1575903231
1575903232
1575903233
1575903234
1575903235
1575903236
1575903237
1575903238
1575903239
1575903240
1575903241
1575903242
1575903243
1575903244
1575903245
1575903246
1575903247
1575903248
1575903249
1575903250
1575903251
1575903252
1575903253
1575903254
1575903255
1575903256
1575903257
1575903258
1575903259
1575903260
1575903261
1575903262
1575903263
1575903264
1575903265
1575903266
1575903267
1575903268
1575903269
1575903269
1575903270
1575903272
1575903273
1575903274
1575903275
1575903276
1575903277
1575903278
1575903279
1575903280
1575903281
1575903282
1575903283
1575903284
1575903285
1575903286
1575903287
1575903288
1575903289
1575903290
1575903291
1575903292
1575903293
1575903294
1575903295
1575903296
1575903297
1575903298
1575903299
1575903300
1575903301
1575903302
1575903303
1575903304
1575903305
1575903306
1575903307
1575903308
1575903309
1575903310
1575903311
1575903312
1575903313
1575903314
1575903315
1575903316
1575903317
1575903318
1575903319
1575903320
1575903321
1575903322
1575903323
1575903324
1575903325
1575903326
1575903327
1575903328
1575903329
1575903330
1575903331
1575903332
1575903333
1575903334
1575903335
1575903336
1575903337
1575903338
1575903339
1575903340
1575903341
1575903342
1575903343
1575903344
1575903345
1575903346
1575903347
1575903348
1575903349
1575903350
1575903351
1575903352
1575903353
1575903354
1575903355
1575903356
1575903357
1575903358
1575903359
1575903360
1575903361
1575903362
1575903363
1575903364
1575903365
1575903366
1575903367
1575903368
1575903369
1575903370
1575903371
1575903372
1575903373
1575903374
1575903375
1575903376
1575903377
1575903378
1575903379
1575903380
1575903381
1575903382
1575903383
1575903384
1575903385
1575903386
1575903387
1575903388
1575903389
1575903390
1575903391
1575903392
1575903393
1575903394
1575903395
1575903396
1575903397
1575903398
1575903399
1575903400
1575903401
1575903402
1575903403
1575903404
1575903405
1575903406
1575903407
1575903408
1575903409
1575903410
1575903411
1575903412
1575903413
1575903414
1575903415
1575903416
1575903417
1575903418
1575903419
1575903420
1575903421
1575903422
1575903423
1575903424
1575903425
1575903426
1575903427
1575903428
1575903429
1575903430
1575903431
1575903432
1575903433
1575903434
1575903435
1575903436
1575903437
1575903438
1575903439
1575903440
1575903441
1575903442
1575903443
1575903444
1575903445
1575903446
1575903447
1575903448
1575903449
1575903450
1575903451
1575903452
1575903453
1575903454
1575903455
1575903456
1575903457
1575903458
1575903459
1575903460
1575903461
1575903462
1575903463
1575903464
1575903465
1575903466
1575903467
1575903468
1575903469
1575903470
1575903471
1575903472
1575903473
1575903474
1575903475
1575903476
1575903477
1575903478
1575903479
1575903480
1575903481
1575903482
1575903483
1575903484
1575903485
1575903486
1575903487
1575903488
1575903489
1575903490
1575903491
1575903492
1575903493
1575903494
1575903495
1575903495
1575903496
1575903497
1575903498
1575903499
1575903500
1575903501
1575903502
1575903503
1575903504
1575903505
1575903506
1575903507
1575903508
1575903509
1575903510
1575903511
1575903512
1575903513
1575903514
1575903515
1575903516
1575903517
1575903518
1575903519
1575903520
1575903521
1575903522
1575903523
1575903524
1575903525
1575903526
1575903527
1575903528
1575903529
1575903530
1575903531
1575903532
1575903533
1575903534
1575903535
1575903536
1575903537
1575903538
1575903539
1575903540
1575903541
1575903542
1575903543
1575903544
1575903545
1575903546
1575903547
1575903548
1575903549
1575903550
1575903551
1575903552
1575903553
1575903554
1575903555
1575903556
1575903557
1575903558
1575903559
1575903560
1575903561
1575903562
1575903563
1575903565
1575903566
1575903566
1575903567
1575903568
1575903569
1575903570
1575903571
1575903572
1575903573
1575903574
1575903575
1575903576
1575903577
1575903578
1575903579
1575903580
1575903581
1575903582
1575903583
1575903584
1575903585
1575903586
1575903587
1575903588
1575903589
1575903590
1575903591
1575903592
1575903593
1575903594
1575903595
1575903596
1575903597
1575903598
1575903599
1575903600
1575903601
1575903602
1575903603
1575903604
1575903605
1575903606
1575903607
1575903608
1575903609
1575903610
1575903611
1575903612
1575903613
1575903614
1575903615
1575903616
1575903617
1575903618
1575903619
1575903620
1575903621
1575903622
1575903623
1575903624
1575903625
1575903626
1575903627
1575903628
1575903629
1575903630
1575903631
1575903632
1575903633
1575903634
1575903635
1575903636
1575903637
1575903638
1575903639
1575903640
1575903641
1575903642
1575903643
1575903644
1575903645
1575903646
1575903647
1575903648
1575903649
1575903650
1575903651
1575903652
1575903653
1575903654
1575903655
1575903656
1575903657
1575903658
1575903659
1575903660
1575903661
1575903662
1575903663
1575903664
1575903665
1575903666
1575903667
1575903668
1575903669
1575903670
1575903671
1575903672
1575903673
1575903674
1575903675
1575903676
1575903677
1575903678
1575903679
1575903680
1575903681
1575903682
1575903682
1575903683
1575903684
1575903685
1575903686
1575903687
1575903688
1575903689
1575903690
1575903691
1575903692
1575903693
1575903694
1575903695
1575903696
1575903697
1575903698
1575903699
1575903700
1575903701
1575903702
1575903703
1575903704
1575903705
1575903706
1575903707
1575903708
1575903709
1575903710
1575903711
1575903712
1575903713
1575903714
1575903715
1575903716
1575903717
1575903718
1575903719
1575903720
1575903721
1575903722
1575903723
1575903724
1575903725
1575903726
1575903727
1575903728
1575903729
1575903730
1575903731
1575903732
1575903733
1575903734
1575903735
1575903736
1575903737
1575903738
1575903739
1575903740
1575903741
1575903742
1575903743
1575903744
1575903745
1575903746
1575903747
1575903748
1575903749
1575903750
1575903751
1575903752
1575903753
1575903754
1575903755
1575903756
1575903757
1575903758
1575903759
1575903760
1575903761
1575903762
1575903763
1575903764
1575903765
1575903766
1575903767
1575903768
1575903768
1575903769
1575903770
1575903771
1575903772
1575903773
1575903774
1575903775
1575903776
1575903777
1575903778
1575903779
1575903780
1575903781
1575903782
1575903783
1575903784
1575903785
1575903786
1575903787
1575903788
1575903789
1575903790
1575903791
1575903792
1575903793
1575903794
1575903795
1575903796
1575903797
1575903798
1575903799
1575903800
1575903801
1575903802
1575903802
1575903803
1575903804
1575903805
1575903806
1575903807
1575903807
1575903808
1575903809
1575903810
1575903811
1575903812
1575903813
1575903814
1575903815
1575903816
1575903817
1575903818
1575903819
1575903820
1575903821
1575903822
1575903823
1575903824
1575903825
1575903826
1575903827
1575903828
1575903829
1575903830
1575903831
1575903832
1575903833
1575903834
1575903835
1575903836
1575903837
1575903838
1575903839
1575903840
1575903841
1575903842
1575903843
1575903844
1575903845
1575903846
1575903847
1575903848
1575903849
1575903850
1575903851
1575903852
1575903853
1575903855
1575903856
1575903857
1575903858
1575903859
1575903860
1575903861
1575903862
1575903863
1575903864
1575903865
1575903866
1575903867
1575903868
1575903869
1575903870
1575903871
1575903872
1575903873
1575903874
1575903875
1575903876
1575903877
1575903878
1575903879
1575903880
1575903881
1575903882
1575903883
1575903884
1575903885
1575903886
1575903887
1575903888
1575903889
1575903890
1575903891
1575903892
1575903893
1575903894
1575903894
1575903895
1575903896
1575903897
1575903898
1575903899
1575903900
1575903901
1575903902
1575903903
1575903904
1575903905
1575903906
1575903907
1575903908
1575903909
1575903910
1575903911
1575903912
1575903913
1575903914
1575903915
1575903916
1575903917
1575903918
1575903919
1575903920
1575903921
1575903922
1575903923
1575903924
1575903925
1575903926
1575903927
1575903928
1575903929
1575903930
1575903931
1575903932
1575903933
1575903934
1575903935
1575903936
1575903937
1575903938
1575903939
1575903940
1575903941
1575903942
1575903943
1575903944
1575903945
1575903946
1575903947
1575903948
1575903949
1575903950
1575903951
1575903952
1575903953
1575903954
1575903955
1575903956
1575903957
1575903958
1575903959
1575903960
1575903961
1575903962
1575903963
1575903964
1575903965
1575903966
1575903967
1575903968
1575903969
1575903970
1575903971
1575903972
1575903973
1575903974
1575903975
1575903976
1575903977
1575903978
1575903979
1575903980
1575903981
1575903982
1575903983
1575903984
1575903985
1575903986
1575903987
1575903988
1575903989
1575903990
1575903991
1575903992
1575903993
1575903994
1575903995
1575903996
1575903997
1575903998
1575903999
1575904000
1575904001
1575904002
1575904003
1575904004
1575904005
1575904006
1575904007
1575904008
1575904009
1575904010
1575904011
1575904012
1575904013
1575904014
1575904015
1575904016
1575904017
1575904018
1575904019
1575904020
1575904021
1575904022
1575904023
1575904024
1575904025
1575904026
1575904027
1575904028
1575904029
1575904030
1575904031
1575904032
1575904033
1575904034
1575904035
1575904036
1575904037
1575904038
1575904039
1575904040
1575904041
1575904042
1575904043
1575904044
1575904045
1575904046
1575904047
1575904048
1575904049
1575904050
1575904051
1575904052
1575904053
1575904054
1575904055
1575904056
1575904057
1575904058
1575904059
1575904060
1575904061
1575904062
1575904063
1575904064
1575904065
1575904066
1575904067
1575904068
1575904069
1575904070
1575904071
1575904072
1575904073
1575904074
1575904075
1575904076
1575904077
1575904078
1575904079
1575904080
1575904081
1575904082
1575904083
1575904084
1575904085
1575904086
1575904087
1575904088
1575904089
1575904090
1575904091
1575904092
1575904093
1575904094
1575904095
1575904096
1575904097
1575904098
1575904099
1575904100
1575904101
1575904102
1575904103
1575904104
1575904105
1575904106
1575904107
1575904108
1575904109
1575904110
1575904111
1575904112
1575904113
1575904114
1575904115
1575904116
1575904117
1575904118
1575904119
1575904120
1575904121
1575904121
1575904122
1575904123
1575904124
1575904125
1575904126
1575904127
1575904128
1575904129
1575904130
1575904131
1575904132
1575904133
1575904134
1575904135
1575904137
1575904138
1575904139
1575904140
1575904141
1575904142
1575904143
1575904144
1575904145
1575904146
1575904147
1575904148
1575904149
1575904150
1575904151
1575904152
1575904153
1575904154
1575904155
1575904156
1575904157
1575904158
1575904159
1575904160
1575904161
1575904162
1575904163
1575904164
1575904165
1575904166
1575904167
1575904168
1575904169
1575904170
1575904171
1575904172
1575904173
1575904174
1575904175
1575904176
1575904177
1575904178
1575904179
1575904180
1575904181
1575904182
1575904183
1575904184
1575904185
1575904186
1575904187
1575904188
1575904189
1575904190
1575904191
1575904192
1575904193
1575904194
1575904195
1575904196
1575904197
1575904198
1575904199
1575904200
1575904201
1575904202
1575904203
1575904204
1575904205
1575904206
1575904207
1575904208
1575904209
1575904210
1575904211
1575904212
1575904213
1575904214
1575904215
1575904216
1575904217
1575904218
1575904219
1575904220
1575904221
1575904222
1575904223
1575904224
1575904225
1575904226
1575904227
1575904228
1575904229
1575904230
1575904231
1575904232
1575904233
1575904234
1575904235
1575904236
1575904237
1575904238
1575904239
1575904240
1575904241
1575904242
1575904243
1575904244
1575904245
1575904246
1575904247
1575904248
1575904249
1575904250
1575904251
1575904252
1575904253
1575904254
1575904255
1575904256
1575904257
1575904258
1575904259
1575904260
1575904261
1575904262
1575904263
1575904264
1575904265
1575904266
1575904267
1575904268
1575904269
1575904270
1575904271
1575904272
1575904273
1575904274
1575904275
1575904276
1575904277
1575904278
1575904279
1575904280
1575904281
1575904282
1575904283
1575904284
1575904285
1575904286
1575904287
1575904288
1575904289
1575904290
1575904291
1575904292
1575904293
1575904294
1575904295
1575904296
1575904297
1575904298
1575904299
1575904300
1575904301
1575904302
1575904303
1575904304
1575904305
1575904306
1575904307
1575904308
1575904309
1575904310
1575904311
1575904312
1575904313
1575904314
1575904315
1575904316
1575904317
1575904318
1575904319
1575904320
1575904321
1575904322
1575904323
1575904324
1575904325
1575904326
1575904327
1575904328
1575904329
1575904330
1575904331
1575904332
1575904333
1575904334
1575904335
1575904336
1575904337
1575904338
1575904339
1575904340
1575904341
1575904342
1575904343
1575904344
1575904345
1575904346
1575904347
1575904347
1575904348
1575904349
1575904350
1575904351
1575904352
1575904353
1575904354
1575904355
1575904356
1575904357
1575904358
1575904359
1575904360
1575904361
1575904362
1575904363
1575904364
1575904365
1575904366
1575904367
1575904368
1575904369
1575904370
1575904371
1575904372
1575904373
1575904374
1575904375
1575904376
1575904377
1575904378
1575904379
1575904380
1575904381
1575904382
1575904383
1575904384
1575904385
1575904386
1575904387
1575904388
1575904389
1575904390
1575904391
1575904392
1575904393
1575904394
1575904395
1575904396
1575904397
1575904398
1575904399
1575904400
1575904401
1575904402
1575904403
1575904404
1575904405
1575904406
1575904407
1575904408
1575904409
1575904410
1575904411
1575904412
1575904413
1575904414
1575904415
1575904416
1575904417
1575904418
1575904419
1575904420
1575904421
1575904422
1575904423
1575904424
1575904425
1575904427
1575904428
1575904429
1575904430
1575904431
1575904432
1575904433
1575904434
1575904435
1575904436
1575904437
1575904438
1575904439
1575904440
1575904441
1575904442
1575904443
1575904444
1575904445
1575904446
1575904447
1575904448
1575904449
1575904450
1575904451
1575904452
1575904453
1575904454
1575904455
1575904456
1575904457
1575904458
1575904459
1575904460
1575904461
1575904462
1575904463
1575904464
1575904465
1575904466
1575904467
1575904468
1575904469
1575904470
1575904471
1575904472
1575904473
1575904474
1575904475
1575904476
1575904477
1575904478
1575904479
1575904480
1575904481
1575904482
1575904483
1575904484
1575904484
1575904485
1575904486
1575904487
1575904488
1575904489
1575904490
1575904491
1575904492
1575904493
1575904494
1575904495
1575904496
1575904497
1575904498
1575904499
1575904500
1575904501
1575904502
1575904503
1575904504
1575904505
1575904506
1575904507
1575904508
1575904509
1575904510
1575904511
1575904512
1575904513
1575904514
1575904515
1575904516
1575904517
1575904518
1575904519
1575904520
1575904521
1575904522
1575904523
1575904524
1575904525
1575904526
1575904527
1575904528
1575904529
1575904530
1575904531
1575904532
1575904533
1575904534
1575904535
1575904536
1575904537
1575904538
1575904539
1575904540
1575904541
1575904542
1575904543
1575904544
1575904545
1575904546
1575904547
1575904548
1575904549
1575904550
1575904551
1575904552
1575904553
1575904554
1575904555
1575904556
1575904557
1575904558
1575904559
1575904560
1575904561
1575904562
1575904563
1575904564
1575904565
1575904566
1575904567
1575904568
1575904569
1575904570
1575904571
1575904572
1575904573
1575904574
1575904575
1575904576
1575904577
1575904578
1575904579
1575904580
1575904581
1575904582
1575904583
1575904584
1575904585
1575904586
1575904587
1575904588
1575904589
1575904590
1575904591
1575904592
1575904593
1575904594
1575904595
1575904596
1575904597
1575904598
1575904599
1575904600
1575904601
1575904602
1575904603
1575904604
1575904605
1575904606
1575904607
1575904608
1575904609
1575904610
1575904611
1575904612
1575904613
1575904614
1575904615
1575904616
1575904617
1575904618
1575904619
1575904620
1575904621
1575904622
1575904623
1575904624
1575904625
1575904626
1575904627
1575904628
1575904629
1575904630
1575904631
1575904632
1575904633
1575904634
1575904635
1575904636
1575904637
1575904638
1575904639
1575904640
1575904641
1575904642
1575904643
1575904644
1575904645
1575904646
1575904647
1575904648
1575904649
1575904650
1575904651
1575904652
1575904653
1575904654
1575904655
1575904656
1575904657
1575904658
1575904659
1575904660
1575904661
1575904662
1575904663
1575904664
1575904665
1575904666
1575904667
1575904668
1575904669
1575904670
1575904671
1575904672
1575904673
1575904674
1575904675
1575904676
1575904677
1575904678
1575904679
1575904680
1575904681
1575904682
1575904683
1575904684
1575904685
1575904686
1575904687
1575904688
1575904689
1575904690
1575904691
1575904692
1575904693
1575904694
1575904695
1575904696
1575904697
1575904698
1575904699
1575904700
1575904701
1575904701
1575904702
1575904703
1575904704
1575904705
1575904706
1575904707
1575904708
1575904709
1575904710
1575904711
1575904712
1575904713
1575904714
1575904715
1575904716
1575904718
1575904719
1575904720
1575904721
1575904722
1575904723
1575904724
1575904725
1575904726
1575904727
1575904728
1575904729
1575904730
1575904731
1575904732
1575904733
1575904734
1575904735
1575904736
1575904737
1575904738
1575904739
1575904740
1575904741
1575904742
1575904743
1575904744
1575904745
1575904746
1575904747
1575904748
1575904749
1575904750
1575904751
1575904752
1575904753
1575904754
1575904755
1575904756
1575904757
1575904758
1575904759
1575904760
1575904761
1575904762
1575904763
1575904764
1575904765
1575904766
1575904767
1575904768
1575904769
1575904770
1575904771
1575904772
1575904773
1575904774
1575904775
1575904776
1575904777
1575904778
1575904779
1575904780
1575904781
1575904782
1575904783
1575904784
1575904785
1575904786
1575904787
1575904788
1575904789
1575904790
1575904791
1575904792
1575904793
1575904794
1575904795
1575904796
1575904797
1575904798
1575904799
1575904800
1575904801
1575904802
1575904803
1575904804
1575904805
1575904806
1575904807
1575904808
1575904809
1575904810
1575904811
1575904812
1575904813
1575904814
1575904815
1575904816
1575904817
1575904818
1575904819
1575904820
1575904821
1575904822
1575904823
1575904824
1575904825
1575904826
1575904827
1575904828
1575904829
1575904830
1575904831
1575904832
1575904833
1575904834
1575904835
1575904836
1575904837
1575904838
1575904839
1575904840
1575904841
1575904842
1575904843
1575904844
1575904845
1575904846
1575904847
1575904848
1575904849
1575904850
1575904851
1575904852
1575904853
1575904854
1575904855
1575904856
1575904857
1575904858
1575904859
1575904860
1575904861
1575904862
1575904863
1575904864
1575904865
1575904866
1575904867
1575904868
1575904869
1575904870
1575904871
1575904872
1575904873
1575904874
1575904875
1575904876
1575904877
1575904878
1575904879
1575904880
1575904881
1575904882
1575904883
1575904884
1575904885
1575904886
1575904887
1575904888
1575904889
1575904890
1575904891
1575904892
1575904893
1575904894
1575904895
1575904896
1575904897
1575904898
1575904899
1575904900
1575904901
1575904902
1575904903
1575904904
1575904905
1575904906
1575904907
1575904908
1575904909
1575904910
1575904911
1575904912
1575904913
1575904914
1575904915
1575904916
1575904917
1575904918
1575904919
1575904920
1575904921
1575904922
1575904923
1575904924
1575904925
1575904926
1575904927
1575904928
1575904929
1575904930
1575904931
1575904932
1575904933
1575904934
1575904935
1575904936
1575904937
1575904938
1575904939
1575904940
1575904941
1575904942
1575904943
1575904944
1575904945
1575904946
1575904947
1575904948
1575904949
1575904950
1575904951
1575904951
1575904952
1575904952
1575904953
1575904954
1575904955
1575904956
1575904957
1575904958
1575904959
1575904960
1575904961
1575904962
1575904963
1575904964
1575904965
1575904966
1575904967
1575904968
1575904969
1575904970
1575904971
1575904972
1575904972
1575904973
1575904974
1575904975
1575904976
1575904977
1575904978
1575904979
1575904980
1575904981
1575904982
1575904983
1575904984
1575904985
1575904986
1575904987
1575904988
1575904989
1575904990
1575904991
1575904992
1575904993
1575904994
1575904995
1575904996
1575904997
1575904998
1575904998
1575904999
1575905000
1575905001
1575905002
1575905004
1575905005
1575905006
1575905007
1575905008
1575905009
1575905010
1575905011
1575905012
1575905013
1575905014
1575905015
1575905016
1575905017
1575905018
1575905019
1575905020
1575905021
1575905022
1575905023
1575905024
1575905025
1575905026
1575905027
1575905028
1575905029
1575905030
1575905030
1575905031
1575905032
1575905033
1575905034
1575905035
1575905036
1575905036
1575905037
1575905038
1575905039
1575905040
1575905041
1575905042
1575905043
1575905044
1575905045
1575905046
1575905047
1575905048
1575905049
1575905050
1575905051
1575905051
1575905052
1575905053
1575905054
1575905055
1575905056
1575905057
1575905058
1575905059
1575905060
1575905061
1575905062
1575905063
1575905064
1575905065
1575905066
1575905067
1575905068
1575905069
1575905070
1575905071
1575905072
1575905073
1575905074
1575905075
1575905076
1575905077
1575905078
1575905079
1575905080
1575905081
1575905082
1575905083
1575905084
1575905085
1575905086
1575905087
1575905088
1575905089
1575905090
1575905091
1575905092
1575905093
1575905094
1575905095
1575905096
1575905097
1575905098
1575905099
1575905100
1575905100
1575905101
1575905102
1575905103
1575905104
1575905105
1575905106
1575905107
1575905108
1575905109
1575905110
1575905111
1575905112
1575905113
1575905114
1575905115
1575905116
1575905117
1575905118
1575905119
1575905120
1575905121
1575905122
1575905123
1575905124
1575905125
1575905126
1575905127
1575905128
1575905129
1575905130
1575905131
1575905132
1575905133
1575905134
1575905135
1575905136
1575905137
1575905138
1575905139
1575905140
1575905141
1575905142
1575905143
1575905144
1575905145
1575905146
1575905147
1575905148
1575905149
1575905150
1575905151
1575905152
1575905153
1575905154
1575905155
1575905156
1575905157
1575905158
1575905159
1575905159
1575905160
1575905161
1575905162
1575905163
1575905164
1575905165
1575905166
1575905167
1575905168
1575905169
1575905170
1575905171
1575905172
1575905173
1575905174
1575905175
1575905176
1575905176
1575905177
1575905178
1575905178
1575905179
1575905180
1575905181
1575905182
1575905183
1575905184
1575905185
1575905186
1575905187
1575905188
1575905189
1575905190
1575905191
1575905192
1575905193
1575905194
1575905195
1575905196
1575905197
1575905198
1575905199
1575905200
1575905201
1575905202
1575905203
1575905204
1575905205
1575905206
1575905207
1575905208
1575905209
1575905210
1575905211
1575905212
1575905213
1575905214
1575905215
1575905216
1575905217
1575905218
1575905219
1575905220
1575905221
1575905222
1575905223
1575905224
1575905225
1575905226
1575905227
1575905228
1575905229
1575905230
1575905231
1575905232
1575905233
1575905234
1575905235
1575905236
1575905237
1575905238
1575905239
1575905240
1575905241
1575905242
1575905243
1575905244
1575905245
1575905246
1575905247
1575905248
1575905249
1575905250
1575905251
1575905252
1575905253
1575905254
1575905255
1575905256
1575905257
1575905258
1575905259
1575905260
1575905261
1575905262
1575905263
1575905264
1575905265
1575905266
1575905267
1575905268
1575905269
1575905270
1575905271
1575905272
1575905273
1575905274
1575905275
1575905277
1575905278
1575905279
1575905280
1575905281
1575905282
1575905283
1575905284
1575905285
1575905286
1575905286
1575905287
1575905288
1575905288
1575905289
1575905290
1575905291
1575905291
1575905292
1575905293
1575905294
1575905295
1575905296
1575905297
1575905298
1575905299
1575905300
1575905301
1575905302
1575905303
1575905304
1575905305
1575905306
1575905307
1575905308
1575905309
1575905310
1575905311
1575905312
1575905313
1575905314
1575905315
1575905316
1575905317
1575905318
1575905319
1575905320
1575905321
1575905322
1575905323
1575905324
1575905325
1575905326
1575905327
1575905328
1575905329
1575905330
1575905331
1575905332
1575905333
1575905334
1575905335
1575905336
1575905337
1575905338
1575905339
1575905340
1575905340
1575905341
1575905342
1575905343
1575905344
1575905345
1575905346
1575905347
1575905348
1575905349
1575905350
1575905351
1575905352
1575905353
1575905354
1575905355
1575905356
1575905357
1575905358
1575905359
1575905360
1575905361
1575905362
1575905363
1575905364
1575905365
1575905366
1575905367
1575905368
1575905369
1575905370
1575905371
1575905372
1575905373
1575905374
1575905375
1575905376
1575905377
1575905378
1575905379
1575905380
1575905381
1575905382
1575905383
1575905384
1575905385
1575905386
1575905387
1575905388
1575905389
1575905390
1575905391
1575905392
1575905393
1575905394
1575905395
1575905396
1575905397
1575905398
1575905399
1575905400
1575905401
1575905402
1575905403
1575905404
1575905405
1575905406
1575905407
1575905408
1575905409
1575905410
1575905411
1575905412
1575905413
1575905414
1575905415
1575905416
1575905417
1575905418
1575905419
1575905420
1575905421
1575905422
1575905423
1575905424
1575905425
1575905426
1575905427
1575905428
1575905429
1575905430
1575905431
1575905432
1575905433
1575905434
1575905435
1575905436
1575905437
1575905438
1575905439
1575905440
1575905441
1575905442
1575905443
1575905444
1575905445
1575905446
1575905447
1575905448
1575905449
1575905450
1575905451
1575905452
1575905453
1575905454
1575905455
1575905456
1575905457
1575905458
1575905459
1575905459
1575905460
1575905461
1575905462
1575905463
1575905464
1575905464
1575905465
1575905466
1575905467
1575905468
1575905469
1575905469
1575905470
1575905471
1575905472
1575905473
1575905474
1575905475
1575905476
1575905477
1575905478
1575905479
1575905480
1575905481
1575905482
1575905483
1575905484
1575905485
1575905485
1575905486
1575905487
1575905488
1575905489
1575905490
1575905491
1575905492
1575905493
1575905494
1575905495
1575905496
1575905497
1575905498
1575905499
1575905500
1575905501
1575905502
1575905503
1575905504
1575905505
1575905506
1575905507
1575905508
1575905509
1575905510
1575905511
1575905512
1575905513
1575905514
1575905515
1575905516
1575905517
1575905518
1575905519
1575905520
1575905521
1575905522
1575905523
1575905524
1575905525
1575905526
1575905527
1575905528
1575905529
1575905530
1575905531
1575905532
1575905533
1575905534
1575905535
1575905536
1575905537
1575905538
1575905539
1575905540
1575905541
1575905542
1575905543
1575905544
1575905545
1575905546
1575905546
1575905547
1575905548
1575905550
1575905551
1575905552
1575905553
1575905554
1575905555
1575905556
1575905557
1575905558
1575905559
1575905560
1575905561
1575905562
1575905563
1575905564
1575905565
1575905566
1575905567
1575905568
1575905569
1575905569
1575905570
1575905571
1575905572
1575905573
1575905574
1575905575
1575905576
1575905577
1575905578
1575905579
1575905580
1575905581
1575905582
1575905583
1575905584
1575905585
1575905586
1575905587
1575905588
1575905589
1575905590
1575905591
1575905592
1575905593
1575905594
1575905595
1575905596
1575905597
1575905598
1575905599
1575905600
1575905601
1575905602
1575905603
1575905604
1575905605
1575905606
1575905607
1575905608
1575905609
1575905610
1575905611
1575905611
1575905612
1575905613
1575905614
1575905615
1575905616
1575905617
1575905618
1575905619
1575905620
1575905621
1575905622
1575905623
1575905624
1575905625
1575905626
1575905627
1575905628
1575905629
1575905630
1575905631
1575905632
1575905633
1575905634
1575905635
1575905636
1575905637
1575905638
1575905639
1575905640
1575905641
1575905642
1575905643
1575905644
1575905645
1575905646
1575905647
1575905648
1575905649
1575905650
1575905651
1575905652
1575905653
1575905654
1575905655
1575905656
1575905657
1575905658
1575905659
1575905660
1575905661
1575905662
1575905663
1575905664
1575905665
1575905666
1575905667
1575905668
1575905669
1575905670
1575905671
1575905672
1575905673
1575905674
1575905675
1575905676
1575905677
1575905678
1575905679
1575905680
1575905681
1575905682
1575905683
1575905684
1575905685
1575905686
1575905687
1575905688
1575905689
1575905690
1575905691
1575905692
1575905693
1575905694
1575905695
1575905696
1575905697
1575905698
1575905699
1575905700
1575905701
1575905702
1575905703
1575905704
1575905705
1575905706
1575905707
1575905708
1575905709
1575905710
1575905711
1575905712
1575905713
1575905714
1575905715
1575905716
1575905717
1575905718
1575905719
1575905720
1575905721
1575905722
1575905723
1575905724
1575905725
1575905726
1575905727
1575905728
1575905729
1575905730
1575905731
1575905732
1575905733
1575905733
1575905734
1575905735
1575905736
1575905737
1575905738
1575905739
1575905740
1575905741
1575905742
1575905743
1575905744
1575905745
1575905746
1575905747
1575905748
1575905749
1575905750
1575905751
1575905752
1575905753
1575905754
1575905755
1575905756
1575905757
1575905758
1575905759
1575905760
1575905761
1575905762
1575905763
1575905764
1575905765
1575905766
1575905767
1575905768
1575905769
1575905770
1575905771
1575905772
1575905773
1575905774
1575905775
1575905776
1575905777
1575905778
1575905779
1575905780
1575905781
1575905782
1575905783
1575905784
1575905785
1575905786
1575905787
1575905788
1575905789
1575905790
1575905791
1575905792
1575905793
1575905794
1575905795
1575905796
1575905797
1575905798
1575905799
1575905800
1575905801
1575905802
1575905803
1575905804
1575905805
1575905806
1575905807
1575905808
1575905809
1575905810
1575905811
1575905812
1575905813
1575905814
1575905815
1575905816
1575905817
1575905818
1575905819
1575905821
1575905822
1575905823
1575905824
1575905825
1575905826
1575905827
1575905828
1575905829
1575905830
1575905831
1575905832
1575905833
1575905834
1575905835
1575905836
1575905837
1575905838
1575905839
1575905840
1575905841
1575905842
1575905843
1575905844
1575905845
1575905846
1575905847
1575905848
1575905849
1575905850
1575905851
1575905852
1575905853
1575905853
1575905854
1575905855
1575905856
1575905857
1575905858
1575905859
1575905860
1575905861
1575905862
1575905863
1575905864
1575905865
1575905866
1575905867
1575905868
1575905869
1575905870
1575905871
1575905872
1575905873
1575905874
1575905875
1575905876
1575905877
1575905878
1575905879
1575905880
1575905881
1575905882
1575905883
1575905884
1575905885
1575905886
1575905887
1575905888
1575905889
1575905890
1575905891
1575905892
1575905893
1575905894
1575905895
1575905896
1575905897
1575905898
1575905899
1575905900
1575905901
1575905902
1575905903
1575905904
1575905905
1575905906
1575905907
1575905908
1575905909
1575905910
1575905911
1575905912
1575905913
1575905914
1575905915
1575905916
1575905917
1575905918
1575905919
1575905920
1575905921
1575905922
1575905923
1575905924
1575905925
1575905926
1575905927
1575905928
1575905929
1575905930
1575905931
1575905932
1575905933
1575905934
1575905935
1575905936
1575905937
1575905938
1575905939
1575905940
1575905941
1575905942
1575905943
1575905944
1575905945
1575905946
1575905947
1575905948
1575905949
1575905950
1575905951
1575905952
1575905953
1575905954
1575905955
1575905956
1575905957
1575905958
1575905959
1575905960
1575905961
1575905962
1575905963
1575905964
1575905965
1575905966
1575905967
1575905968
1575905969
1575905970
1575905971
1575905972
1575905973
1575905974
1575905975
1575905976
1575905977
1575905978
1575905979
1575905979
1575905980
1575905981
1575905982
1575905982
1575905983
1575905984
1575905985
1575905986
1575905987
1575905988
1575905989
1575905990
1575905991
1575905992
1575905993
1575905994
1575905995
1575905996
1575905997
1575905998
1575905999
1575906000
1575906001
1575906002
1575906003
1575906004
1575906005
1575906006
1575906007
1575906008
1575906009
1575906010
1575906011
1575906012
1575906013
1575906014
1575906015
1575906016
1575906017
1575906018
1575906019
1575906020
1575906021
1575906022
1575906023
1575906024
1575906025
1575906026
1575906027
1575906028
1575906029
1575906030
1575906031
1575906032
1575906032
1575906033
1575906034
1575906035
1575906036
1575906037
1575906038
1575906039
1575906040
1575906041
1575906042
1575906043
1575906044
1575906045
1575906046
1575906047
1575906048
1575906049
1575906050
1575906051
1575906052
1575906053
1575906054
1575906055
1575906056
1575906057
1575906058
1575906059
1575906060
1575906061
1575906062
1575906063
1575906064
1575906065
1575906066
1575906067
1575906068
1575906069
1575906070
1575906071
1575906072
1575906073
1575906074
1575906075
1575906076
1575906077
1575906078
1575906079
1575906080
1575906081
1575906082
1575906083
1575906084
1575906085
1575906086
1575906087
1575906088
1575906089
1575906090
1575906091
1575906092
1575906093
1575906094
1575906095
1575906096
1575906097
1575906098
1575906099
1575906100
1575906101
1575906102
1575906103
1575906104
1575906105
1575906106
1575906107
1575906108
1575906109
1575906110
1575906111
1575906112
1575906114
1575906115
1575906116
1575906117
1575906118
1575906119
1575906120
1575906121
1575906122
1575906123
1575906124
1575906125
1575906126
1575906127
1575906128
1575906129
1575906130
1575906131
1575906132
1575906133
1575906134
1575906135
1575906136
1575906137
1575906138
1575906139
1575906140
1575906141
1575906142
1575906143
1575906144
1575906145
1575906146
1575906146
1575906147
1575906148
1575906149
1575906150
1575906151
1575906152
1575906153
1575906154
1575906155
1575906156
1575906157
1575906158
1575906159
1575906160
1575906161
1575906162
1575906163
1575906164
1575906165
1575906166
1575906167
1575906168
1575906169
1575906170
1575906171
1575906172
1575906173
1575906174
1575906175
1575906176
1575906177
1575906178
1575906179
1575906180
1575906181
1575906182
1575906183
1575906184
1575906185
1575906186
1575906187
1575906188
1575906189
1575906190
1575906191
1575906192
1575906193
1575906194
1575906195
1575906196
1575906197
1575906198
1575906199
1575906200
1575906201
1575906202
1575906203
1575906204
1575906205
1575906206
1575906207
1575906208
1575906209
1575906210
1575906211
1575906212
1575906213
1575906214
1575906215
1575906216
1575906217
1575906218
1575906218
1575906219
1575906220
1575906221
1575906222
1575906223
1575906224
1575906225
1575906226
1575906227
1575906228
1575906229
1575906230
1575906231
1575906232
1575906233
1575906234
1575906235
1575906236
1575906237
1575906238
1575906239
1575906240
1575906241
1575906242
1575906243
1575906244
1575906245
1575906246
1575906247
1575906248
1575906249
1575906250
1575906251
1575906252
1575906253
1575906254
1575906255
1575906256
1575906257
1575906258
1575906259
1575906260
1575906261
1575906262
1575906263
1575906264
1575906265
1575906266
1575906267
1575906268
1575906269
1575906270
1575906271
1575906272
1575906273
1575906274
1575906275
1575906276
1575906277
1575906278
1575906279
1575906280
1575906281
1575906282
1575906283
1575906283
1575906284
1575906285
1575906286
1575906287
1575906288
1575906289
1575906290
1575906291
1575906292
1575906293
1575906294
1575906295
1575906296
1575906297
1575906298
1575906299
1575906300
1575906301
1575906302
1575906303
1575906304
1575906305
1575906305
1575906306
1575906307
1575906308
1575906309
1575906310
1575906311
1575906312
1575906313
1575906314
1575906315
1575906316
1575906317
1575906318
1575906319
1575906320
1575906321
1575906322
1575906323
1575906324
1575906325
1575906326
1575906327
1575906328
1575906329
1575906330
1575906331
1575906332
1575906333
1575906334
1575906335
1575906336
1575906337
1575906338
1575906339
1575906340
1575906341
1575906342
1575906343
1575906344
1575906345
1575906346
1575906347
1575906348
1575906349
1575906350
1575906351
1575906352
1575906353
1575906354
1575906355
1575906356
1575906357
1575906358
1575906359
1575906360
1575906361
1575906362
1575906363
1575906364
1575906365
1575906366
1575906367
1575906368
1575906369
1575906370
1575906371
1575906372
1575906373
1575906374
1575906375
1575906376
1575906377
1575906378
1575906379
1575906380
1575906381
1575906382
1575906383
1575906384
1575906385
1575906386
1575906387
1575906389
1575906390
1575906391
1575906392
1575906393
1575906394
1575906395
1575906396
1575906397
1575906398
1575906399
1575906400
1575906401
1575906402
1575906403
1575906404
1575906405
1575906406
1575906407
1575906408
1575906409
1575906410
1575906411
1575906412
1575906413
1575906414
1575906415
1575906415
1575906416
1575906417
1575906418
1575906419
1575906419
1575906420
1575906421
1575906422
1575906423
1575906424
1575906425
1575906426
1575906427
1575906428
1575906429
1575906430
1575906431
1575906432
1575906433
1575906434
1575906435
1575906436
1575906437
1575906438
1575906439
1575906440
1575906441
1575906442
1575906443
1575906444
1575906445
1575906446
1575906447
1575906448
1575906449
1575906450
1575906451
1575906452
1575906453
1575906454
1575906455
1575906456
1575906456
1575906457
1575906458
1575906459
1575906460
1575906461
1575906462
1575906463
1575906464
1575906465
1575906466
1575906467
1575906468
1575906469
1575906470
1575906471
1575906472
1575906473
1575906474
1575906475
1575906476
1575906477
1575906478
1575906479
1575906480
1575906481
1575906482
1575906483
1575906484
1575906485
1575906486
1575906487
1575906488
1575906489
1575906490
1575906491
1575906492
1575906493
1575906494
1575906495
1575906496
1575906497
1575906498
1575906499
1575906500
1575906501
1575906502
1575906503
1575906504
1575906505
1575906506
1575906507
1575906508
1575906509
1575906510
1575906511
1575906512
1575906513
1575906514
1575906514
1575906515
1575906516
1575906517
1575906518
1575906519
1575906520
1575906521
1575906522
1575906523
1575906524
1575906525
1575906526
1575906527
1575906528
1575906529
1575906530
1575906531
1575906532
1575906533
1575906534
1575906535
1575906536
1575906537
1575906538
1575906539
1575906540
1575906541
1575906542
1575906543
1575906544
1575906545
1575906546
1575906547
1575906548
1575906549
1575906550
1575906551
1575906552
1575906553
1575906554
1575906555
1575906556
1575906557
1575906558
1575906559
1575906560
1575906561
1575906562
1575906563
1575906564
1575906565
1575906566
1575906567
1575906568
1575906569
1575906570
1575906571
1575906572
1575906573
1575906574
1575906575
1575906576
1575906577
1575906578
